81923
35410
79198
80536
2886
34245
81468
75509
66305
11036
88637
53924
56194
62742
87088
69778
93413
27787
39841
42452
87720
72072
61590
46532
47768
3971
19876
25132
6649
83355
49998
68491
3195
70207
89962
75087
94821
62032
94810
54989
32038
47795
5301
96183
29623
58650
53512
96825
10204
88805
12627
79485
66732
80148
78572
55664
78982
71738
91791
18186
22300
22497
56519
21266
40700
5679
11118
3088
60350
50049
39978
47041
81209
22079
19725
14472
97425
40199
59344
27295
9017
23834
67259
38366
13367
32568
29526
42962
70374
81680
21471
52355
63985
13631
35596
87769
85225
94328
54427
64974
